,State,City,Latitude,Longitude,Population,Leisure/Culture Score,Arts Venues,Educational Entertainment Venues,Sports Venues,Total Venues,LGBT Equality Index,Tolerance of Minorities Score,Tolerance Score,Average Score,Venues per Capita
0,AK,Anchorage,61.21806,-149.90028,298695.0,3,159,32,9,200,76.56,0.64,7,5.0,0.0006695793367816669
1,AL,Birmingham,33.52066,-86.80249,212461.0,5,429,95,45,569,67.19,0.3,5,5.0,0.002678138576021011
2,AZ,Phoenix,33.44838,-112.07404,1563025.0,7,839,219,58,1116,70.0,0.4,6,6.5,0.0007140000959677548
3,CA,Los Angeles,34.05223,-118.24368,3971883.0,9,1244,621,222,2087,93.19,0.44,7,8.0,0.0005254434735363554
4,CO,Denver,39.73915,-104.9847,682545.0,6,1024,240,133,1397,93.13,0.62,8,7.0,0.0020467514962383433
5,DC,Washington,38.89511,-77.03637,601723.0,10,926,579,221,1726,100.0,0.31,7,8.5,0.002868429493305059
6,FL,Jacksonville,30.33218,-81.65565,868031.0,6,661,159,85,905,67.19,0.46,6,6.0,0.0010425894927715716
7,GA,Atlanta,33.749,-84.38798,463878.0,8,1430,456,202,2088,70.0,0.1,4,6.0,0.004501183500834271
8,HI,Honolulu,21.30694,-157.85833,371657.0,8,495,182,25,702,96.55,0.56,8,8.0,0.0018888383644058903
9,IA,Des Moines,41.60054,-93.60911,210330.0,6,407,100,43,550,93.13,0.74,8,7.0,0.002614938430086055
10,ID,Boise,43.6135,-116.20345,145987.0,4,292,63,30,385,72.81,0.65,7,5.5,0.0026372211224287095
11,IL,Chicago,41.85003,-87.65005,2720546.0,8,1409,516,214,2139,96.9,0.23,6,7.0,0.0007862392328598745
12,IN,Indianapolis,39.76838,-86.15804,829718.0,7,878,251,133,1262,72.81,0.64,7,7.0,0.001520998700763392
13,LA,New Orleans,29.95465,-90.07507,389617.0,7,541,165,73,779,72.81,0.29,5,6.0,0.001999399410190007
14,MA,Boston,42.35843,-71.05977,667137.0,9,1279,498,179,1956,96.88,0.7,8,8.5,0.0029319315223110096
15,ME,Portland ME,43.65737,-70.2589,66881.0,3,224,53,6,283,93.62,0.69,8,5.5,0.004231396061661757
16,MI,Detroit,42.33143,-83.04575,677116.0,7,1146,417,190,1753,63.24,0.1,4,5.5,0.0025889212483533102
17,MN,Minneapolis,44.97997,-93.26384,410939.0,7,968,295,165,1428,96.88,0.46,7,7.0,0.003474968304298205
18,MO,Kansas City,39.09973,-94.57857,475378.0,7,860,254,131,1245,72.14,0.27,5,6.0,0.0026189684840274476
19,NC,Charlotte,35.22709,-80.84313,827097.0,6,590,112,32,734,67.58,0.68,7,6.5,0.0008874412553787524
20,NE,Omaha,41.25626,-95.94043,443885.0,5,685,143,64,892,72.81,0.42,6,5.5,0.0020095294952521487
21,NM,Albuquerque,35.08449,-106.65114,559121.0,5,398,67,10,475,93.13,0.45,7,6.0,0.0008495477723068889
22,NV,Las Vegas,36.17497,-115.13722,623747.0,6,834,185,41,1060,93.13,0.5,7,6.5,0.0016994069710956526
23,NY,New York City,40.71427,-74.00597,8175133.0,10,1573,636,175,2384,86.72,0.46,7,8.5,0.0002916160507725073
24,OH,Columbus,39.96118,-82.99879,850106.0,6,498,232,82,812,66.79,0.51,6,6.0,0.0009551750017056696
25,OK,Oklahoma City,35.46756,-97.51643,631346.0,5,630,169,109,908,67.67,0.52,6,5.5,0.0014381971217050555
26,OR,Portland OR,45.52345,-122.67621,632309.0,6,528,177,77,782,96.88,0.64,8,7.0,0.0012367371016385976
27,PA,Philadelphia,39.95233,-75.16379,1567442.0,8,1613,548,212,2373,80.47,0.35,6,7.0,0.0015139316159704793
28,RI,Providence,41.82399,-71.41283,179207.0,4,265,83,17,365,93.13,0.54,7,5.5,0.0020367507965648665
29,TN,Memphis,35.14953,-90.04898,655770.0,7,413,166,52,631,70.0,0.1,4,5.5,0.0009622276102901932
30,TX,Houston,29.76328,-95.36327,2296224.0,7,955,392,173,1520,64.44,0.42,5,6.0,0.0006619563248184846
31,UT,Salt Lake City,40.76078,-111.89105,192672.0,6,498,116,15,629,92.97,0.77,9,7.5,0.00326461551237336
32,WA,Seattle,47.60621,-122.33207,684451.0,8,1059,356,132,1547,91.25,0.68,8,8.0,0.0022602056246539197
33,WI,Milwaukee,43.0389,-87.90647,600155.0,7,774,271,116,1161,82.97,0.12,5,6.0,0.0019345002541010239
